0 2 18
0 3 23
0 4 7
0 5 17
0 6 15
0 8 27
0 9 10
0 11 22
0 12 20
0 13 19
0 14 16
0 21 26
0 24 25
1 2 3
1 4 15
1 5 13
1 6 19
1 7 26
1 8 10
1 9 22
1 11 21
1 12 17
1 14 20
1 16 23
1 18 25
1 24 27
2 4 9
2 5 10
2 6 22
2 7 27
2 8 17
2 11 16
2 12 21
2 13 20
2 14 23
2 15 24
2 19 26
3 4 22
3 5 9
3 6 18
3 7 12
3 8 14
3 10 16
3 11 19
3 13 26
3 15 25
3 17 27
3 20 24
4 5 6
4 8 25
4 10 19
4 11 18
4 12 14
4 13 27
4 16 21
4 17 26
4 20 23
5 8 22
5 11 25
5 12 19
5 14 26
5 15 23
5 16 20
5 18 24
5 21 27
6 7 11
6 9 24
6 10 13
6 12 27
6 14 25
6 16 26
6 17 20
6 21 23
7 8 9
7 10 23
7 13 17
7 14 22
7 15 21
7 16 25
7 18 20
7 19 24
8 11 15
8 12 23
8 13 24
8 16 19
8 18 21
8 20 26
9 11 17
9 12 15
9 13 16
9 14 21
9 18 26
9 20 25
10 11 12
10 14 27
10 15 20
10 17 22
10 21 25
10 24 26
11 14 24
11 20 27
11 23 26
12 13 25
12 16 24
12 18 22
13 14 15
13 18 23
13 21 22
14 18 19
15 17 19
15 18 27
15 22 26
16 17 18
16 22 27
17 21 24
17 23 25
19 20 21
19 22 25
19 23 27
22 23 24
25 26 27